



















353, 230, 78
238, 263, 48
314, 244, 41,234, 237, 42
281, 225, 90
470, 396, 75
252, 236, 37
370, 228, 81
341, 216, 27
303, 213, 65,208, 224, 64
258, 207, 41
217, 223, 67,241, 257, 77
293, 223, 40
282, 271, 68,261, 235, 58
354, 212, 64
267, 234, 36
143, 46, 72
173, 245, 82
291, 231, 47,341, 189, 56
304, 242, 51
392, 215, 77
188, 229, 41,346, 258, 60,198, 247, 41,370, 245, 44
221, 220, 35,253, 267, 40
217, 221, 66,242, 257, 77
283, 201, 34
279, 199, 70
228, 222, 30
250, 244, 58
257, 215, 64
257, 199, 36
335, 233, 43
352, 218, 77
285, 221, 46
314, 223, 60
259, 213, 46
261, 206, 54
331, 197, 45,150, 191, 60
371, 230, 50,172, 207, 62
221, 230, 49,283, 225, 54
517, 387, 97,389, 450, 96
213, 243, 85,282, 208, 87
252, 212, 60
257, 201, 70
151, 235, 57
151, 231, 70
104, 130, 38
261, 235, 59,281, 271, 68
250, 197, 48
277, 233, 72
240, 287, 54
238, 265, 77
37, 98, 34,126, 44, 78
506, 297, 122
518, 321, 106
251, 156, 85
298, 234, 36
290, 255, 61
173, 215, 51
377, 221, 89
287, 145, 142
283, 217, 67,221, 220, 69
170, 228, 69
171, 205, 56
315, 171, 160
312, 227, 40
252, 127, 112
274, 131, 77
310, 223, 45
298, 214, 31
136, 185, 39,210, 191, 40
157, 235, 62,219, 236, 59
170, 194, 66
177, 195, 65
328, 228, 59
632, 438, 84
159, 182, 57
334, 184, 25
361, 225, 63
130, 77, 58
281, 206, 71
495, 514, 71
248, 243, 59
349, 228, 29,211, 218, 43,244, 371, 16
329, 198, 66,205, 195, 84,240, 323, 35
288, 219, 35,217, 261, 56
315, 205, 72,251, 245, 101
211, 246, 44
229, 228, 45
248, 189, 71,159, 192, 66
523, 416, 84,340, 418, 74
233, 199, 75
263, 220, 68
206, 238, 51,268, 262, 54,343, 244, 40
277, 280, 85,221, 269, 79,340, 257, 61
